//VAR
///PFNUM 6,0,0,0
///SHARE 100,100,100,100,100,128,0,0
///B
0,0,0,0,0,0,0,0,0,0
0,0,0,0,0,0,0,0,0,0
0,0,0,0,0,0,0,0,0,0
0,0,0,0,0,0,0,0,0,0
0,0,0,0,0,0,0,0,0,0
0,0,0,0,0,0,0,0,0,0
0,0,0,0,0,0,0,0,0,0
0,0,0,0,0,0,0,0,0,0
0,0,0,0,0,0,0,0,0,0
0,0,0,0,0,0,0,0,0,0
///I
39,0,0,0,0,1377,1377,0,0,0
0,0,0,0,0,0,0,0,0,0
0,0,1,0,0,0,0,0,0,0
0,0,0,0,0,0,0,0,0,0
0,0,0,0,0,0,0,0,0,0
0,0,0,0,0,0,0,0,0,0
0,0,0,0,0,0,0,0,0,0
0,0,0,0,0,0,0,0,0,0
0,0,0,0,0,0,0,0,0,0
0,0,0,0,0,0,0,0,0,0
///D
0,73600,0,0,0,0,0,0,0,0
0,0,0,0,0,0,0,0,0,0
0,0,0,0,0,0,0,0,0,0
0,0,0,0,0,0,0,0,0,0
0,0,0,0,0,0,0,0,0,0
0,0,0,0,0,0,0,0,0,0
0,0,0,0,0,0,0,0,0,0
0,0,0,0,0,0,0,0,0,0
0,0,0,0,0,0,0,0,0,0
0,0,0,0,0,0,0,0,0,0
///R
0,0,0,0,0,0,0,0,0,0
0,0,0,0,0,0,0,0,0,0
0,0,0,0,0,0,0,0,0,0
0,0,0,0,0,0,0,0,0,0
0,0,0,0,0,0,0,0,0,0
0,0,0,0,0,0,0,0,0,0
0,0,0,0,0,0,0,0,0,0
0,0,0,0,0,0,0,0,0,0
0,0,0,0,0,0,0,0,0,0
0,0,0,0,0,0,0,0,0,0
///S




































































































///P
"RECTAN"0,1,0,001000000000000000000000,0,19,-45.000,465.000,-160.000,179.8686,-0.0620,74.8303,0.0000,0.0000
"RECTAN"0,1,0,001010000000000000000000,0,19,0.000,480.000,-160.000,-179.9943,0.0030,58.6508,0.0000,0.0000
"RECTAN"0,1,0,001010000000000000000000,0,19,110.000,470.000,-160.000,-179.7429,2.5578,9.2294,0.0000,0.0000
"RECTAN"0,1,0,001010000000000000000000,0,19,110.000,80.000,-160.000,177.5806,-2.5563,-55.8203,0.0000,0.0000
"RECTAN"0,1,0,001010000000000000000000,0,19,-70.000,50.000,-160.000,180.0000,-4.0000,-70.0000,0.0000,0.0000
"RECTAN"0,1,0,001000000000000000000000,0,19,20.000,50.000,-160.000,-180.0000,-4.0000,-140.0000,0.0000,0.0000
"RECTAN"0,1,0,001000000000000000000000,0,19,-150.000,80.000,-160.000,-180.0000,-4.0000,-160.0000,0.0000,0.0000
"RECTAN"0,1,0,001000000000000000000000,0,19,-150.000,430.000,-160.000,-180.0000,0.0000,130.0000,0.0000,0.0000
"RECTAN"0,1,0,001000000000000000000000,0,19,-10.000,480.000,-180.000,-179.9997,0.0010,97.8854,0.0000,0.0000
"UNUSED"
"RECTAN"0,1,0,000000000000000000000000,0,19,0.000,0.000,0.000,0.0000,0.0000,0.0000,0.0000,0.0000
"RECTAN"0,1,0,001010000000000000000000,0,19,-20.000,470.000,-140.000,-179.9979,-3.0000,25.0000,0.0000,0.0000
"RECTAN"0,1,0,001010000000000000000000,0,19,100.000,420.000,-140.000,178.5503,-8.3903,21.8343,0.0000,0.0000
"RECTAN"0,1,0,001010000000000000000000,0,19,80.000,60.000,-140.000,-173.2890,-6.7518,-53.1690,0.0000,0.0000
"RECTAN"0,1,0,001010000000000000000000,0,19,-60.000,25.000,-140.000,-177.5971,-12.2913,-49.0790,0.0000,0.0000
"RECTAN"0,1,0,001000000000000000000000,0,19,-20.000,55.000,-140.000,-173.7259,-5.7745,-160.4474,0.0000,0.0000
"RECTAN"0,1,0,001000000000000000000000,0,19,-160.000,80.000,-140.000,179.8189,-8.4330,-161.7065,0.0000,0.0000
"RECTAN"0,1,0,001000000000000000000000,0,19,-160.000,450.000,-140.000,178.1823,-3.0464,149.5387,0.0000,0.0000
"RECTAN"0,1,0,001000000000000000000000,0,19,-55.000,500.000,-140.000,179.8497,-5.7916,111.9532,0.0000,0.0000
"UNUSED"
"UNUSED"
"UNUSED"
"UNUSED"
"UNUSED"
"UNUSED"
"UNUSED"
"UNUSED"
"UNUSED"
"UNUSED"
"UNUSED"
"UNUSED"
"UNUSED"
"UNUSED"
"UNUSED"
"UNUSED"
"UNUSED"
"UNUSED"
"UNUSED"
"UNUSED"
"UNUSED"
"UNUSED"
"UNUSED"
"UNUSED"
"UNUSED"
"UNUSED"
"UNUSED"
"UNUSED"
"UNUSED"
"UNUSED"
"UNUSED"
"UNUSED"
"UNUSED"
"UNUSED"
"UNUSED"
"UNUSED"
"UNUSED"
"UNUSED"
"UNUSED"
"UNUSED"
"UNUSED"
"UNUSED"
"UNUSED"
"UNUSED"
"UNUSED"
"UNUSED"
"UNUSED"
"UNUSED"
"UNUSED"
"UNUSED"
"UNUSED"
"UNUSED"
"UNUSED"
"UNUSED"
"UNUSED"
"UNUSED"
"UNUSED"
"UNUSED"
"UNUSED"
"UNUSED"
"UNUSED"
"UNUSED"
"UNUSED"
"UNUSED"
"UNUSED"
"UNUSED"
"UNUSED"
"UNUSED"
"UNUSED"
"UNUSED"
"UNUSED"
"UNUSED"
"UNUSED"
"UNUSED"
"UNUSED"
"UNUSED"
"UNUSED"
"UNUSED"
"UNUSED"
"UNUSED"
"UNUSED"
"UNUSED"
"UNUSED"
"UNUSED"
"UNUSED"
"UNUSED"
"UNUSED"
"UNUSED"
"UNUSED"
"UNUSED"
"UNUSED"
"UNUSED"
"UNUSED"
"UNUSED"
"UNUSED"
"UNUSED"
"UNUSED"
"UNUSED"
"UNUSED"
"UNUSED"
"UNUSED"
"UNUSED"
"UNUSED"
"UNUSED"
"UNUSED"
"UNUSED"
"UNUSED"
"UNUSED"
"RECTAN"0,1,0,001010000000000000000000,0,19,-15.913,465.345,-159.995,179.8764,-0.0638,74.8485,0.0000,0.0000
///BP
///EX
