//IFPANEL 1
///NAME Panel 1,Panel 1
1A,0,0,0,0,,,,0,0,0,0,0,0,0,0,0,0,0,,,,0
1B,1,19,2,0,NUMERO,DA,SOLA,0,1,3,0,0,3,0,0,0,0,0,,,,0
1C,0,0,0,0,,,,0,0,0,0,0,0,0,0,0,0,0,,,,0
1D,1,17,2,0,PARES,PINTADO,DIA,0,1,3,5,0,0,0,0,0,0,0,,,,0
1E,0,0,0,0,,,,0,0,0,0,0,0,0,0,0,0,0,,,,0
1F,1,17,2,0,PARES,PINTADOS,TURNO,0,0,3,6,0,0,0,0,0,0,0,,,,0
1G,0,0,0,0,,,,0,0,0,0,0,0,0,0,0,0,0,,,,0
1H,0,0,0,0,,,,0,0,0,0,0,0,0,0,0,0,0,,,,0
2A,0,0,0,0,,,,0,0,0,0,0,0,0,0,0,0,0,,,,0
2B,1,10,0,0,ACIONA,PISTOLA,,0,1,1,10013,0,1,10013,0,0,0,0,,,,0
2C,0,0,0,0,,,,0,0,0,0,0,0,0,0,0,0,0,,,,0
2D,1,10,0,0,LED,ROBO,,0,1,1,10011,0,1,10011,0,0,0,0,,,,0
2E,0,0,0,0,,,,0,0,0,0,0,0,0,0,0,0,0,,,,0
2F,1,10,0,0,ACIONA,ESTEIRA,,0,1,1,10017,0,1,10017,0,0,0,0,,,,0
2G,0,0,0,0,,,,0,0,0,0,0,0,0,0,0,0,0,,,,0
2H,1,10,0,0,ACIONA,LIMPEZA,,0,1,1,10012,0,1,10012,0,0,0,0,,,,0
3A,0,0,0,0,,,,0,0,0,0,0,0,0,0,0,0,0,,,,0
3B,1,0,4,0,FIM,LATERAL,ESQUERDA,0,1,1,50082,0,0,0,0,0,0,0,,,,0
3C,0,0,0,0,,,,0,0,0,0,0,0,0,0,0,0,0,,,,0
3D,1,0,4,0,FIM,ALTURA,LIMITE,0,1,1,50081,0,0,0,0,0,0,0,,,,0
3E,0,0,0,0,,,,0,0,0,0,0,0,0,0,0,0,0,,,,0
3F,1,0,4,0,FIM,LATERAL,DIREITA,0,1,1,50080,0,0,0,0,0,0,0,,,,0
3G,0,0,0,0,,,,0,0,0,0,0,0,0,0,0,0,0,,,,0
3H,0,0,0,0,,,,0,0,0,0,0,0,0,0,0,0,0,,,,0
4A,0,0,0,0,,,,0,0,0,0,0,0,0,0,0,0,0,,,,0
4B,0,19,2,0,TEMPO,TROCA,COR,0,1,3,11,0,3,11,0,0,0,0,,,,0
4C,0,0,0,0,,,,0,0,0,0,0,0,0,0,0,0,0,,,,0
4D,0,0,0,0,,,,0,0,0,0,0,0,0,0,0,0,0,,,,0
4E,0,0,0,0,,,,0,0,0,0,0,0,0,0,0,0,0,,,,0
4F,1,19,2,0,ZERA,PARES,TURNO,0,1,3,6,0,3,6,0,0,0,0,,,,0
4G,0,0,0,0,,,,0,0,0,0,0,0,0,0,0,0,0,,,,0
4H,1,19,2,0,ZERA,PARES,DIA,0,1,3,5,0,3,5,0,0,0,0,,,,0
//IFPANEL 2
///NAME Panel 2,Panel 2
1A,0,0,0,0,,,,0,0,0,0,0,0,0,0,0,0,0,,,,0
1B,0,0,0,0,,,,0,0,0,0,0,0,0,0,0,0,0,,,,0
1C,0,0,0,0,,,,0,0,0,0,0,0,0,0,0,0,0,,,,0
1D,0,0,0,0,,,,0,0,0,0,0,0,0,0,0,0,0,,,,0
1E,0,0,0,0,,,,0,0,0,0,0,0,0,0,0,0,0,,,,0
1F,0,0,0,0,,,,0,0,0,0,0,0,0,0,0,0,0,,,,0
1G,0,0,0,0,,,,0,0,0,0,0,0,0,0,0,0,0,,,,0
1H,0,0,0,0,,,,0,0,0,0,0,0,0,0,0,0,0,,,,0
2A,0,0,0,0,,,,0,0,0,0,0,0,0,0,0,0,0,,,,0
2B,0,0,0,0,,,,0,0,0,0,0,0,0,0,0,0,0,,,,0
2C,0,0,0,0,,,,0,0,0,0,0,0,0,0,0,0,0,,,,0
2D,0,0,0,0,,,,0,0,0,0,0,0,0,0,0,0,0,,,,0
2E,0,0,0,0,,,,0,0,0,0,0,0,0,0,0,0,0,,,,0
2F,0,0,0,0,,,,0,0,0,0,0,0,0,0,0,0,0,,,,0
2G,0,0,0,0,,,,0,0,0,0,0,0,0,0,0,0,0,,,,0
2H,0,0,0,0,,,,0,0,0,0,0,0,0,0,0,0,0,,,,0
3A,0,0,0,0,,,,0,0,0,0,0,0,0,0,0,0,0,,,,0
3B,0,0,0,0,,,,0,0,0,0,0,0,0,0,0,0,0,,,,0
3C,0,0,0,0,,,,0,0,0,0,0,0,0,0,0,0,0,,,,0
3D,0,0,0,0,,,,0,0,0,0,0,0,0,0,0,0,0,,,,0
3E,0,0,0,0,,,,0,0,0,0,0,0,0,0,0,0,0,,,,0
3F,0,0,0,0,,,,0,0,0,0,0,0,0,0,0,0,0,,,,0
3G,0,0,0,0,,,,0,0,0,0,0,0,0,0,0,0,0,,,,0
3H,0,0,0,0,,,,0,0,0,0,0,0,0,0,0,0,0,,,,0
4A,0,0,0,0,,,,0,0,0,0,0,0,0,0,0,0,0,,,,0
4B,0,0,0,0,,,,0,0,0,0,0,0,0,0,0,0,0,,,,0
4C,0,0,0,0,,,,0,0,0,0,0,0,0,0,0,0,0,,,,0
4D,0,0,0,0,,,,0,0,0,0,0,0,0,0,0,0,0,,,,0
4E,0,0,0,0,,,,0,0,0,0,0,0,0,0,0,0,0,,,,0
4F,0,0,0,0,,,,0,0,0,0,0,0,0,0,0,0,0,,,,0
4G,0,0,0,0,,,,0,0,0,0,0,0,0,0,0,0,0,,,,0
4H,0,0,0,0,,,,0,0,0,0,0,0,0,0,0,0,0,,,,0
//IFPANEL 3
///NAME Panel 3,Panel 3
1A,0,0,0,0,,,,0,0,0,0,0,0,0,0,0,0,0,,,,0
1B,0,0,0,0,,,,0,0,0,0,0,0,0,0,0,0,0,,,,0
1C,0,0,0,0,,,,0,0,0,0,0,0,0,0,0,0,0,,,,0
1D,0,0,0,0,,,,0,0,0,0,0,0,0,0,0,0,0,,,,0
1E,0,0,0,0,,,,0,0,0,0,0,0,0,0,0,0,0,,,,0
1F,0,0,0,0,,,,0,0,0,0,0,0,0,0,0,0,0,,,,0
1G,0,0,0,0,,,,0,0,0,0,0,0,0,0,0,0,0,,,,0
1H,0,0,0,0,,,,0,0,0,0,0,0,0,0,0,0,0,,,,0
2A,0,0,0,0,,,,0,0,0,0,0,0,0,0,0,0,0,,,,0
2B,0,0,0,0,,,,0,0,0,0,0,0,0,0,0,0,0,,,,0
2C,0,0,0,0,,,,0,0,0,0,0,0,0,0,0,0,0,,,,0
2D,0,0,0,0,,,,0,0,0,0,0,0,0,0,0,0,0,,,,0
2E,0,0,0,0,,,,0,0,0,0,0,0,0,0,0,0,0,,,,0
2F,0,0,0,0,,,,0,0,0,0,0,0,0,0,0,0,0,,,,0
2G,0,0,0,0,,,,0,0,0,0,0,0,0,0,0,0,0,,,,0
2H,0,0,0,0,,,,0,0,0,0,0,0,0,0,0,0,0,,,,0
3A,0,0,0,0,,,,0,0,0,0,0,0,0,0,0,0,0,,,,0
3B,0,0,0,0,,,,0,0,0,0,0,0,0,0,0,0,0,,,,0
3C,0,0,0,0,,,,0,0,0,0,0,0,0,0,0,0,0,,,,0
3D,0,0,0,0,,,,0,0,0,0,0,0,0,0,0,0,0,,,,0
3E,0,0,0,0,,,,0,0,0,0,0,0,0,0,0,0,0,,,,0
3F,0,0,0,0,,,,0,0,0,0,0,0,0,0,0,0,0,,,,0
3G,0,0,0,0,,,,0,0,0,0,0,0,0,0,0,0,0,,,,0
3H,0,0,0,0,,,,0,0,0,0,0,0,0,0,0,0,0,,,,0
4A,0,0,0,0,,,,0,0,0,0,0,0,0,0,0,0,0,,,,0
4B,0,0,0,0,,,,0,0,0,0,0,0,0,0,0,0,0,,,,0
4C,0,0,0,0,,,,0,0,0,0,0,0,0,0,0,0,0,,,,0
4D,0,0,0,0,,,,0,0,0,0,0,0,0,0,0,0,0,,,,0
4E,0,0,0,0,,,,0,0,0,0,0,0,0,0,0,0,0,,,,0
4F,0,0,0,0,,,,0,0,0,0,0,0,0,0,0,0,0,,,,0
4G,0,0,0,0,,,,0,0,0,0,0,0,0,0,0,0,0,,,,0
4H,0,0,0,0,,,,0,0,0,0,0,0,0,0,0,0,0,,,,0
//IFPANEL 4
///NAME Panel 4,Panel 4
1A,0,0,0,0,,,,0,0,0,0,0,0,0,0,0,0,0,,,,0
1B,0,0,0,0,,,,0,0,0,0,0,0,0,0,0,0,0,,,,0
1C,0,0,0,0,,,,0,0,0,0,0,0,0,0,0,0,0,,,,0
1D,0,0,0,0,,,,0,0,0,0,0,0,0,0,0,0,0,,,,0
1E,0,0,0,0,,,,0,0,0,0,0,0,0,0,0,0,0,,,,0
1F,0,0,0,0,,,,0,0,0,0,0,0,0,0,0,0,0,,,,0
1G,0,0,0,0,,,,0,0,0,0,0,0,0,0,0,0,0,,,,0
1H,0,0,0,0,,,,0,0,0,0,0,0,0,0,0,0,0,,,,0
2A,0,0,0,0,,,,0,0,0,0,0,0,0,0,0,0,0,,,,0
2B,0,0,0,0,,,,0,0,0,0,0,0,0,0,0,0,0,,,,0
2C,0,0,0,0,,,,0,0,0,0,0,0,0,0,0,0,0,,,,0
2D,0,0,0,0,,,,0,0,0,0,0,0,0,0,0,0,0,,,,0
2E,0,0,0,0,,,,0,0,0,0,0,0,0,0,0,0,0,,,,0
2F,0,0,0,0,,,,0,0,0,0,0,0,0,0,0,0,0,,,,0
2G,0,0,0,0,,,,0,0,0,0,0,0,0,0,0,0,0,,,,0
2H,0,0,0,0,,,,0,0,0,0,0,0,0,0,0,0,0,,,,0
3A,0,0,0,0,,,,0,0,0,0,0,0,0,0,0,0,0,,,,0
3B,0,0,0,0,,,,0,0,0,0,0,0,0,0,0,0,0,,,,0
3C,0,0,0,0,,,,0,0,0,0,0,0,0,0,0,0,0,,,,0
3D,0,0,0,0,,,,0,0,0,0,0,0,0,0,0,0,0,,,,0
3E,0,0,0,0,,,,0,0,0,0,0,0,0,0,0,0,0,,,,0
3F,0,0,0,0,,,,0,0,0,0,0,0,0,0,0,0,0,,,,0
3G,0,0,0,0,,,,0,0,0,0,0,0,0,0,0,0,0,,,,0
3H,0,0,0,0,,,,0,0,0,0,0,0,0,0,0,0,0,,,,0
4A,0,0,0,0,,,,0,0,0,0,0,0,0,0,0,0,0,,,,0
4B,0,0,0,0,,,,0,0,0,0,0,0,0,0,0,0,0,,,,0
4C,0,0,0,0,,,,0,0,0,0,0,0,0,0,0,0,0,,,,0
4D,0,0,0,0,,,,0,0,0,0,0,0,0,0,0,0,0,,,,0
4E,0,0,0,0,,,,0,0,0,0,0,0,0,0,0,0,0,,,,0
4F,0,0,0,0,,,,0,0,0,0,0,0,0,0,0,0,0,,,,0
4G,0,0,0,0,,,,0,0,0,0,0,0,0,0,0,0,0,,,,0
4H,0,0,0,0,,,,0,0,0,0,0,0,0,0,0,0,0,,,,0
//IFPANEL 5
///NAME Panel 5,Panel 5
1A,0,0,0,0,,,,0,0,0,0,0,0,0,0,0,0,0,,,,0
1B,0,0,0,0,,,,0,0,0,0,0,0,0,0,0,0,0,,,,0
1C,0,0,0,0,,,,0,0,0,0,0,0,0,0,0,0,0,,,,0
1D,0,0,0,0,,,,0,0,0,0,0,0,0,0,0,0,0,,,,0
1E,0,0,0,0,,,,0,0,0,0,0,0,0,0,0,0,0,,,,0
1F,0,0,0,0,,,,0,0,0,0,0,0,0,0,0,0,0,,,,0
1G,0,0,0,0,,,,0,0,0,0,0,0,0,0,0,0,0,,,,0
1H,0,0,0,0,,,,0,0,0,0,0,0,0,0,0,0,0,,,,0
2A,0,0,0,0,,,,0,0,0,0,0,0,0,0,0,0,0,,,,0
2B,0,0,0,0,,,,0,0,0,0,0,0,0,0,0,0,0,,,,0
2C,0,0,0,0,,,,0,0,0,0,0,0,0,0,0,0,0,,,,0
2D,0,0,0,0,,,,0,0,0,0,0,0,0,0,0,0,0,,,,0
2E,0,0,0,0,,,,0,0,0,0,0,0,0,0,0,0,0,,,,0
2F,0,0,0,0,,,,0,0,0,0,0,0,0,0,0,0,0,,,,0
2G,0,0,0,0,,,,0,0,0,0,0,0,0,0,0,0,0,,,,0
2H,0,0,0,0,,,,0,0,0,0,0,0,0,0,0,0,0,,,,0
3A,0,0,0,0,,,,0,0,0,0,0,0,0,0,0,0,0,,,,0
3B,0,0,0,0,,,,0,0,0,0,0,0,0,0,0,0,0,,,,0
3C,0,0,0,0,,,,0,0,0,0,0,0,0,0,0,0,0,,,,0
3D,0,0,0,0,,,,0,0,0,0,0,0,0,0,0,0,0,,,,0
3E,0,0,0,0,,,,0,0,0,0,0,0,0,0,0,0,0,,,,0
3F,0,0,0,0,,,,0,0,0,0,0,0,0,0,0,0,0,,,,0
3G,0,0,0,0,,,,0,0,0,0,0,0,0,0,0,0,0,,,,0
3H,0,0,0,0,,,,0,0,0,0,0,0,0,0,0,0,0,,,,0
4A,0,0,0,0,,,,0,0,0,0,0,0,0,0,0,0,0,,,,0
4B,0,0,0,0,,,,0,0,0,0,0,0,0,0,0,0,0,,,,0
4C,0,0,0,0,,,,0,0,0,0,0,0,0,0,0,0,0,,,,0
4D,0,0,0,0,,,,0,0,0,0,0,0,0,0,0,0,0,,,,0
4E,0,0,0,0,,,,0,0,0,0,0,0,0,0,0,0,0,,,,0
4F,0,0,0,0,,,,0,0,0,0,0,0,0,0,0,0,0,,,,0
4G,0,0,0,0,,,,0,0,0,0,0,0,0,0,0,0,0,,,,0
4H,0,0,0,0,,,,0,0,0,0,0,0,0,0,0,0,0,,,,0
//IFPANEL 6
///NAME Panel 6,Panel 6
1A,0,0,0,0,,,,0,0,0,0,0,0,0,0,0,0,0,,,,0
1B,0,0,0,0,,,,0,0,0,0,0,0,0,0,0,0,0,,,,0
1C,0,0,0,0,,,,0,0,0,0,0,0,0,0,0,0,0,,,,0
1D,0,0,0,0,,,,0,0,0,0,0,0,0,0,0,0,0,,,,0
1E,0,0,0,0,,,,0,0,0,0,0,0,0,0,0,0,0,,,,0
1F,0,0,0,0,,,,0,0,0,0,0,0,0,0,0,0,0,,,,0
1G,0,0,0,0,,,,0,0,0,0,0,0,0,0,0,0,0,,,,0
1H,0,0,0,0,,,,0,0,0,0,0,0,0,0,0,0,0,,,,0
2A,0,0,0,0,,,,0,0,0,0,0,0,0,0,0,0,0,,,,0
2B,0,0,0,0,,,,0,0,0,0,0,0,0,0,0,0,0,,,,0
2C,0,0,0,0,,,,0,0,0,0,0,0,0,0,0,0,0,,,,0
2D,0,0,0,0,,,,0,0,0,0,0,0,0,0,0,0,0,,,,0
2E,0,0,0,0,,,,0,0,0,0,0,0,0,0,0,0,0,,,,0
2F,0,0,0,0,,,,0,0,0,0,0,0,0,0,0,0,0,,,,0
2G,0,0,0,0,,,,0,0,0,0,0,0,0,0,0,0,0,,,,0
2H,0,0,0,0,,,,0,0,0,0,0,0,0,0,0,0,0,,,,0
3A,0,0,0,0,,,,0,0,0,0,0,0,0,0,0,0,0,,,,0
3B,0,0,0,0,,,,0,0,0,0,0,0,0,0,0,0,0,,,,0
3C,0,0,0,0,,,,0,0,0,0,0,0,0,0,0,0,0,,,,0
3D,0,0,0,0,,,,0,0,0,0,0,0,0,0,0,0,0,,,,0
3E,0,0,0,0,,,,0,0,0,0,0,0,0,0,0,0,0,,,,0
3F,0,0,0,0,,,,0,0,0,0,0,0,0,0,0,0,0,,,,0
3G,0,0,0,0,,,,0,0,0,0,0,0,0,0,0,0,0,,,,0
3H,0,0,0,0,,,,0,0,0,0,0,0,0,0,0,0,0,,,,0
4A,0,0,0,0,,,,0,0,0,0,0,0,0,0,0,0,0,,,,0
4B,0,0,0,0,,,,0,0,0,0,0,0,0,0,0,0,0,,,,0
4C,0,0,0,0,,,,0,0,0,0,0,0,0,0,0,0,0,,,,0
4D,0,0,0,0,,,,0,0,0,0,0,0,0,0,0,0,0,,,,0
4E,0,0,0,0,,,,0,0,0,0,0,0,0,0,0,0,0,,,,0
4F,0,0,0,0,,,,0,0,0,0,0,0,0,0,0,0,0,,,,0
4G,0,0,0,0,,,,0,0,0,0,0,0,0,0,0,0,0,,,,0
4H,0,0,0,0,,,,0,0,0,0,0,0,0,0,0,0,0,,,,0
//IFPANEL 7
///NAME Panel 7,Panel 7
1A,0,0,0,0,,,,0,0,0,0,0,0,0,0,0,0,0,,,,0
1B,0,0,0,0,,,,0,0,0,0,0,0,0,0,0,0,0,,,,0
1C,0,0,0,0,,,,0,0,0,0,0,0,0,0,0,0,0,,,,0
1D,0,0,0,0,,,,0,0,0,0,0,0,0,0,0,0,0,,,,0
1E,0,0,0,0,,,,0,0,0,0,0,0,0,0,0,0,0,,,,0
1F,0,0,0,0,,,,0,0,0,0,0,0,0,0,0,0,0,,,,0
1G,0,0,0,0,,,,0,0,0,0,0,0,0,0,0,0,0,,,,0
1H,0,0,0,0,,,,0,0,0,0,0,0,0,0,0,0,0,,,,0
2A,0,0,0,0,,,,0,0,0,0,0,0,0,0,0,0,0,,,,0
2B,0,0,0,0,,,,0,0,0,0,0,0,0,0,0,0,0,,,,0
2C,0,0,0,0,,,,0,0,0,0,0,0,0,0,0,0,0,,,,0
2D,0,0,0,0,,,,0,0,0,0,0,0,0,0,0,0,0,,,,0
2E,0,0,0,0,,,,0,0,0,0,0,0,0,0,0,0,0,,,,0
2F,0,0,0,0,,,,0,0,0,0,0,0,0,0,0,0,0,,,,0
2G,0,0,0,0,,,,0,0,0,0,0,0,0,0,0,0,0,,,,0
2H,0,0,0,0,,,,0,0,0,0,0,0,0,0,0,0,0,,,,0
3A,0,0,0,0,,,,0,0,0,0,0,0,0,0,0,0,0,,,,0
3B,0,0,0,0,,,,0,0,0,0,0,0,0,0,0,0,0,,,,0
3C,0,0,0,0,,,,0,0,0,0,0,0,0,0,0,0,0,,,,0
3D,0,0,0,0,,,,0,0,0,0,0,0,0,0,0,0,0,,,,0
3E,0,0,0,0,,,,0,0,0,0,0,0,0,0,0,0,0,,,,0
3F,0,0,0,0,,,,0,0,0,0,0,0,0,0,0,0,0,,,,0
3G,0,0,0,0,,,,0,0,0,0,0,0,0,0,0,0,0,,,,0
3H,0,0,0,0,,,,0,0,0,0,0,0,0,0,0,0,0,,,,0
4A,0,0,0,0,,,,0,0,0,0,0,0,0,0,0,0,0,,,,0
4B,0,0,0,0,,,,0,0,0,0,0,0,0,0,0,0,0,,,,0
4C,0,0,0,0,,,,0,0,0,0,0,0,0,0,0,0,0,,,,0
4D,0,0,0,0,,,,0,0,0,0,0,0,0,0,0,0,0,,,,0
4E,0,0,0,0,,,,0,0,0,0,0,0,0,0,0,0,0,,,,0
4F,0,0,0,0,,,,0,0,0,0,0,0,0,0,0,0,0,,,,0
4G,0,0,0,0,,,,0,0,0,0,0,0,0,0,0,0,0,,,,0
4H,0,0,0,0,,,,0,0,0,0,0,0,0,0,0,0,0,,,,0
//IFPANEL 8
///NAME Panel 8,Panel 8
1A,0,0,0,0,,,,0,0,0,0,0,0,0,0,0,0,0,,,,0
1B,0,0,0,0,,,,0,0,0,0,0,0,0,0,0,0,0,,,,0
1C,0,0,0,0,,,,0,0,0,0,0,0,0,0,0,0,0,,,,0
1D,0,0,0,0,,,,0,0,0,0,0,0,0,0,0,0,0,,,,0
1E,0,0,0,0,,,,0,0,0,0,0,0,0,0,0,0,0,,,,0
1F,0,0,0,0,,,,0,0,0,0,0,0,0,0,0,0,0,,,,0
1G,0,0,0,0,,,,0,0,0,0,0,0,0,0,0,0,0,,,,0
1H,0,0,0,0,,,,0,0,0,0,0,0,0,0,0,0,0,,,,0
2A,0,0,0,0,,,,0,0,0,0,0,0,0,0,0,0,0,,,,0
2B,0,0,0,0,,,,0,0,0,0,0,0,0,0,0,0,0,,,,0
2C,0,0,0,0,,,,0,0,0,0,0,0,0,0,0,0,0,,,,0
2D,0,0,0,0,,,,0,0,0,0,0,0,0,0,0,0,0,,,,0
2E,0,0,0,0,,,,0,0,0,0,0,0,0,0,0,0,0,,,,0
2F,0,0,0,0,,,,0,0,0,0,0,0,0,0,0,0,0,,,,0
2G,0,0,0,0,,,,0,0,0,0,0,0,0,0,0,0,0,,,,0
2H,0,0,0,0,,,,0,0,0,0,0,0,0,0,0,0,0,,,,0
3A,0,0,0,0,,,,0,0,0,0,0,0,0,0,0,0,0,,,,0
3B,0,0,0,0,,,,0,0,0,0,0,0,0,0,0,0,0,,,,0
3C,0,0,0,0,,,,0,0,0,0,0,0,0,0,0,0,0,,,,0
3D,0,0,0,0,,,,0,0,0,0,0,0,0,0,0,0,0,,,,0
3E,0,0,0,0,,,,0,0,0,0,0,0,0,0,0,0,0,,,,0
3F,0,0,0,0,,,,0,0,0,0,0,0,0,0,0,0,0,,,,0
3G,0,0,0,0,,,,0,0,0,0,0,0,0,0,0,0,0,,,,0
3H,0,0,0,0,,,,0,0,0,0,0,0,0,0,0,0,0,,,,0
4A,0,0,0,0,,,,0,0,0,0,0,0,0,0,0,0,0,,,,0
4B,0,0,0,0,,,,0,0,0,0,0,0,0,0,0,0,0,,,,0
4C,0,0,0,0,,,,0,0,0,0,0,0,0,0,0,0,0,,,,0
4D,0,0,0,0,,,,0,0,0,0,0,0,0,0,0,0,0,,,,0
4E,0,0,0,0,,,,0,0,0,0,0,0,0,0,0,0,0,,,,0
4F,0,0,0,0,,,,0,0,0,0,0,0,0,0,0,0,0,,,,0
4G,0,0,0,0,,,,0,0,0,0,0,0,0,0,0,0,0,,,,0
4H,0,0,0,0,,,,0,0,0,0,0,0,0,0,0,0,0,,,,0
//IFPANEL 9
///NAME Panel 9,Panel 9
1A,0,0,0,0,,,,0,0,0,0,0,0,0,0,0,0,0,,,,0
1B,0,0,0,0,,,,0,0,0,0,0,0,0,0,0,0,0,,,,0
1C,0,0,0,0,,,,0,0,0,0,0,0,0,0,0,0,0,,,,0
1D,0,0,0,0,,,,0,0,0,0,0,0,0,0,0,0,0,,,,0
1E,0,0,0,0,,,,0,0,0,0,0,0,0,0,0,0,0,,,,0
1F,0,0,0,0,,,,0,0,0,0,0,0,0,0,0,0,0,,,,0
1G,0,0,0,0,,,,0,0,0,0,0,0,0,0,0,0,0,,,,0
1H,0,0,0,0,,,,0,0,0,0,0,0,0,0,0,0,0,,,,0
2A,0,0,0,0,,,,0,0,0,0,0,0,0,0,0,0,0,,,,0
2B,0,0,0,0,,,,0,0,0,0,0,0,0,0,0,0,0,,,,0
2C,0,0,0,0,,,,0,0,0,0,0,0,0,0,0,0,0,,,,0
2D,0,0,0,0,,,,0,0,0,0,0,0,0,0,0,0,0,,,,0
2E,0,0,0,0,,,,0,0,0,0,0,0,0,0,0,0,0,,,,0
2F,0,0,0,0,,,,0,0,0,0,0,0,0,0,0,0,0,,,,0
2G,0,0,0,0,,,,0,0,0,0,0,0,0,0,0,0,0,,,,0
2H,0,0,0,0,,,,0,0,0,0,0,0,0,0,0,0,0,,,,0
3A,0,0,0,0,,,,0,0,0,0,0,0,0,0,0,0,0,,,,0
3B,0,0,0,0,,,,0,0,0,0,0,0,0,0,0,0,0,,,,0
3C,0,0,0,0,,,,0,0,0,0,0,0,0,0,0,0,0,,,,0
3D,0,0,0,0,,,,0,0,0,0,0,0,0,0,0,0,0,,,,0
3E,0,0,0,0,,,,0,0,0,0,0,0,0,0,0,0,0,,,,0
3F,0,0,0,0,,,,0,0,0,0,0,0,0,0,0,0,0,,,,0
3G,0,0,0,0,,,,0,0,0,0,0,0,0,0,0,0,0,,,,0
3H,0,0,0,0,,,,0,0,0,0,0,0,0,0,0,0,0,,,,0
4A,0,0,0,0,,,,0,0,0,0,0,0,0,0,0,0,0,,,,0
4B,0,0,0,0,,,,0,0,0,0,0,0,0,0,0,0,0,,,,0
4C,0,0,0,0,,,,0,0,0,0,0,0,0,0,0,0,0,,,,0
4D,0,0,0,0,,,,0,0,0,0,0,0,0,0,0,0,0,,,,0
4E,0,0,0,0,,,,0,0,0,0,0,0,0,0,0,0,0,,,,0
4F,0,0,0,0,,,,0,0,0,0,0,0,0,0,0,0,0,,,,0
4G,0,0,0,0,,,,0,0,0,0,0,0,0,0,0,0,0,,,,0
4H,0,0,0,0,,,,0,0,0,0,0,0,0,0,0,0,0,,,,0
//IFPANEL 10
///NAME Panel 10,Panel 10
1A,0,0,0,0,,,,0,0,0,0,0,0,0,0,0,0,0,,,,0
1B,0,0,0,0,,,,0,0,0,0,0,0,0,0,0,0,0,,,,0
1C,0,0,0,0,,,,0,0,0,0,0,0,0,0,0,0,0,,,,0
1D,0,0,0,0,,,,0,0,0,0,0,0,0,0,0,0,0,,,,0
1E,0,0,0,0,,,,0,0,0,0,0,0,0,0,0,0,0,,,,0
1F,0,0,0,0,,,,0,0,0,0,0,0,0,0,0,0,0,,,,0
1G,0,0,0,0,,,,0,0,0,0,0,0,0,0,0,0,0,,,,0
1H,0,0,0,0,,,,0,0,0,0,0,0,0,0,0,0,0,,,,0
2A,0,0,0,0,,,,0,0,0,0,0,0,0,0,0,0,0,,,,0
2B,0,0,0,0,,,,0,0,0,0,0,0,0,0,0,0,0,,,,0
2C,0,0,0,0,,,,0,0,0,0,0,0,0,0,0,0,0,,,,0
2D,0,0,0,0,,,,0,0,0,0,0,0,0,0,0,0,0,,,,0
2E,0,0,0,0,,,,0,0,0,0,0,0,0,0,0,0,0,,,,0
2F,0,0,0,0,,,,0,0,0,0,0,0,0,0,0,0,0,,,,0
2G,0,0,0,0,,,,0,0,0,0,0,0,0,0,0,0,0,,,,0
2H,0,0,0,0,,,,0,0,0,0,0,0,0,0,0,0,0,,,,0
3A,0,0,0,0,,,,0,0,0,0,0,0,0,0,0,0,0,,,,0
3B,0,0,0,0,,,,0,0,0,0,0,0,0,0,0,0,0,,,,0
3C,0,0,0,0,,,,0,0,0,0,0,0,0,0,0,0,0,,,,0
3D,0,0,0,0,,,,0,0,0,0,0,0,0,0,0,0,0,,,,0
3E,0,0,0,0,,,,0,0,0,0,0,0,0,0,0,0,0,,,,0
3F,0,0,0,0,,,,0,0,0,0,0,0,0,0,0,0,0,,,,0
3G,0,0,0,0,,,,0,0,0,0,0,0,0,0,0,0,0,,,,0
3H,0,0,0,0,,,,0,0,0,0,0,0,0,0,0,0,0,,,,0
4A,0,0,0,0,,,,0,0,0,0,0,0,0,0,0,0,0,,,,0
4B,0,0,0,0,,,,0,0,0,0,0,0,0,0,0,0,0,,,,0
4C,0,0,0,0,,,,0,0,0,0,0,0,0,0,0,0,0,,,,0
4D,0,0,0,0,,,,0,0,0,0,0,0,0,0,0,0,0,,,,0
4E,0,0,0,0,,,,0,0,0,0,0,0,0,0,0,0,0,,,,0
4F,0,0,0,0,,,,0,0,0,0,0,0,0,0,0,0,0,,,,0
4G,0,0,0,0,,,,0,0,0,0,0,0,0,0,0,0,0,,,,0
4H,0,0,0,0,,,,0,0,0,0,0,0,0,0,0,0,0,,,,0
//IFPANEL_EX 11
///NAME Panel 11,Panel 11
1A,0,0,0,0,,,,0,0,0,0,0,0,0,0,0,0,0,,,,0
1B,0,0,0,0,,,,0,0,0,0,0,0,0,0,0,0,0,,,,0
1C,0,0,0,0,,,,0,0,0,0,0,0,0,0,0,0,0,,,,0
1D,0,0,0,0,,,,0,0,0,0,0,0,0,0,0,0,0,,,,0
1E,0,0,0,0,,,,0,0,0,0,0,0,0,0,0,0,0,,,,0
1F,0,0,0,0,,,,0,0,0,0,0,0,0,0,0,0,0,,,,0
1G,0,0,0,0,,,,0,0,0,0,0,0,0,0,0,0,0,,,,0
1H,0,0,0,0,,,,0,0,0,0,0,0,0,0,0,0,0,,,,0
2A,0,0,0,0,,,,0,0,0,0,0,0,0,0,0,0,0,,,,0
2B,0,0,0,0,,,,0,0,0,0,0,0,0,0,0,0,0,,,,0
2C,0,0,0,0,,,,0,0,0,0,0,0,0,0,0,0,0,,,,0
2D,0,0,0,0,,,,0,0,0,0,0,0,0,0,0,0,0,,,,0
2E,0,0,0,0,,,,0,0,0,0,0,0,0,0,0,0,0,,,,0
2F,0,0,0,0,,,,0,0,0,0,0,0,0,0,0,0,0,,,,0
2G,0,0,0,0,,,,0,0,0,0,0,0,0,0,0,0,0,,,,0
2H,0,0,0,0,,,,0,0,0,0,0,0,0,0,0,0,0,,,,0
3A,0,0,0,0,,,,0,0,0,0,0,0,0,0,0,0,0,,,,0
3B,0,0,0,0,,,,0,0,0,0,0,0,0,0,0,0,0,,,,0
3C,0,0,0,0,,,,0,0,0,0,0,0,0,0,0,0,0,,,,0
3D,0,0,0,0,,,,0,0,0,0,0,0,0,0,0,0,0,,,,0
3E,0,0,0,0,,,,0,0,0,0,0,0,0,0,0,0,0,,,,0
3F,0,0,0,0,,,,0,0,0,0,0,0,0,0,0,0,0,,,,0
3G,0,0,0,0,,,,0,0,0,0,0,0,0,0,0,0,0,,,,0
3H,0,0,0,0,,,,0,0,0,0,0,0,0,0,0,0,0,,,,0
4A,0,0,0,0,,,,0,0,0,0,0,0,0,0,0,0,0,,,,0
4B,0,0,0,0,,,,0,0,0,0,0,0,0,0,0,0,0,,,,0
4C,0,0,0,0,,,,0,0,0,0,0,0,0,0,0,0,0,,,,0
4D,0,0,0,0,,,,0,0,0,0,0,0,0,0,0,0,0,,,,0
4E,0,0,0,0,,,,0,0,0,0,0,0,0,0,0,0,0,,,,0
4F,0,0,0,0,,,,0,0,0,0,0,0,0,0,0,0,0,,,,0
4G,0,0,0,0,,,,0,0,0,0,0,0,0,0,0,0,0,,,,0
4H,0,0,0,0,,,,0,0,0,0,0,0,0,0,0,0,0,,,,0
//IFPANEL_EX 12
///NAME Panel 12,Panel 12
1A,0,0,0,0,,,,0,0,0,0,0,0,0,0,0,0,0,,,,0
1B,0,0,0,0,,,,0,0,0,0,0,0,0,0,0,0,0,,,,0
1C,0,0,0,0,,,,0,0,0,0,0,0,0,0,0,0,0,,,,0
1D,0,0,0,0,,,,0,0,0,0,0,0,0,0,0,0,0,,,,0
1E,0,0,0,0,,,,0,0,0,0,0,0,0,0,0,0,0,,,,0
1F,0,0,0,0,,,,0,0,0,0,0,0,0,0,0,0,0,,,,0
1G,0,0,0,0,,,,0,0,0,0,0,0,0,0,0,0,0,,,,0
1H,0,0,0,0,,,,0,0,0,0,0,0,0,0,0,0,0,,,,0
2A,0,0,0,0,,,,0,0,0,0,0,0,0,0,0,0,0,,,,0
2B,0,0,0,0,,,,0,0,0,0,0,0,0,0,0,0,0,,,,0
2C,0,0,0,0,,,,0,0,0,0,0,0,0,0,0,0,0,,,,0
2D,0,0,0,0,,,,0,0,0,0,0,0,0,0,0,0,0,,,,0
2E,0,0,0,0,,,,0,0,0,0,0,0,0,0,0,0,0,,,,0
2F,0,0,0,0,,,,0,0,0,0,0,0,0,0,0,0,0,,,,0
2G,0,0,0,0,,,,0,0,0,0,0,0,0,0,0,0,0,,,,0
2H,0,0,0,0,,,,0,0,0,0,0,0,0,0,0,0,0,,,,0
3A,0,0,0,0,,,,0,0,0,0,0,0,0,0,0,0,0,,,,0
3B,0,0,0,0,,,,0,0,0,0,0,0,0,0,0,0,0,,,,0
3C,0,0,0,0,,,,0,0,0,0,0,0,0,0,0,0,0,,,,0
3D,0,0,0,0,,,,0,0,0,0,0,0,0,0,0,0,0,,,,0
3E,0,0,0,0,,,,0,0,0,0,0,0,0,0,0,0,0,,,,0
3F,0,0,0,0,,,,0,0,0,0,0,0,0,0,0,0,0,,,,0
3G,0,0,0,0,,,,0,0,0,0,0,0,0,0,0,0,0,,,,0
3H,0,0,0,0,,,,0,0,0,0,0,0,0,0,0,0,0,,,,0
4A,0,0,0,0,,,,0,0,0,0,0,0,0,0,0,0,0,,,,0
4B,0,0,0,0,,,,0,0,0,0,0,0,0,0,0,0,0,,,,0
4C,0,0,0,0,,,,0,0,0,0,0,0,0,0,0,0,0,,,,0
4D,0,0,0,0,,,,0,0,0,0,0,0,0,0,0,0,0,,,,0
4E,0,0,0,0,,,,0,0,0,0,0,0,0,0,0,0,0,,,,0
4F,0,0,0,0,,,,0,0,0,0,0,0,0,0,0,0,0,,,,0
4G,0,0,0,0,,,,0,0,0,0,0,0,0,0,0,0,0,,,,0
4H,0,0,0,0,,,,0,0,0,0,0,0,0,0,0,0,0,,,,0
//IFPANEL_EX 13
///NAME Panel 13,Panel 13
1A,0,0,0,0,,,,0,0,0,0,0,0,0,0,0,0,0,,,,0
1B,0,0,0,0,,,,0,0,0,0,0,0,0,0,0,0,0,,,,0
1C,0,0,0,0,,,,0,0,0,0,0,0,0,0,0,0,0,,,,0
1D,0,0,0,0,,,,0,0,0,0,0,0,0,0,0,0,0,,,,0
1E,0,0,0,0,,,,0,0,0,0,0,0,0,0,0,0,0,,,,0
1F,0,0,0,0,,,,0,0,0,0,0,0,0,0,0,0,0,,,,0
1G,0,0,0,0,,,,0,0,0,0,0,0,0,0,0,0,0,,,,0
1H,0,0,0,0,,,,0,0,0,0,0,0,0,0,0,0,0,,,,0
2A,0,0,0,0,,,,0,0,0,0,0,0,0,0,0,0,0,,,,0
2B,0,0,0,0,,,,0,0,0,0,0,0,0,0,0,0,0,,,,0
2C,0,0,0,0,,,,0,0,0,0,0,0,0,0,0,0,0,,,,0
2D,0,0,0,0,,,,0,0,0,0,0,0,0,0,0,0,0,,,,0
2E,0,0,0,0,,,,0,0,0,0,0,0,0,0,0,0,0,,,,0
2F,0,0,0,0,,,,0,0,0,0,0,0,0,0,0,0,0,,,,0
2G,0,0,0,0,,,,0,0,0,0,0,0,0,0,0,0,0,,,,0
2H,0,0,0,0,,,,0,0,0,0,0,0,0,0,0,0,0,,,,0
3A,0,0,0,0,,,,0,0,0,0,0,0,0,0,0,0,0,,,,0
3B,0,0,0,0,,,,0,0,0,0,0,0,0,0,0,0,0,,,,0
3C,0,0,0,0,,,,0,0,0,0,0,0,0,0,0,0,0,,,,0
3D,0,0,0,0,,,,0,0,0,0,0,0,0,0,0,0,0,,,,0
3E,0,0,0,0,,,,0,0,0,0,0,0,0,0,0,0,0,,,,0
3F,0,0,0,0,,,,0,0,0,0,0,0,0,0,0,0,0,,,,0
3G,0,0,0,0,,,,0,0,0,0,0,0,0,0,0,0,0,,,,0
3H,0,0,0,0,,,,0,0,0,0,0,0,0,0,0,0,0,,,,0
4A,0,0,0,0,,,,0,0,0,0,0,0,0,0,0,0,0,,,,0
4B,0,0,0,0,,,,0,0,0,0,0,0,0,0,0,0,0,,,,0
4C,0,0,0,0,,,,0,0,0,0,0,0,0,0,0,0,0,,,,0
4D,0,0,0,0,,,,0,0,0,0,0,0,0,0,0,0,0,,,,0
4E,0,0,0,0,,,,0,0,0,0,0,0,0,0,0,0,0,,,,0
4F,0,0,0,0,,,,0,0,0,0,0,0,0,0,0,0,0,,,,0
4G,0,0,0,0,,,,0,0,0,0,0,0,0,0,0,0,0,,,,0
4H,0,0,0,0,,,,0,0,0,0,0,0,0,0,0,0,0,,,,0
//IFPANEL_EX 14
///NAME Panel 14,Panel 14
1A,0,0,0,0,,,,0,0,0,0,0,0,0,0,0,0,0,,,,0
1B,0,0,0,0,,,,0,0,0,0,0,0,0,0,0,0,0,,,,0
1C,0,0,0,0,,,,0,0,0,0,0,0,0,0,0,0,0,,,,0
1D,0,0,0,0,,,,0,0,0,0,0,0,0,0,0,0,0,,,,0
1E,0,0,0,0,,,,0,0,0,0,0,0,0,0,0,0,0,,,,0
1F,0,0,0,0,,,,0,0,0,0,0,0,0,0,0,0,0,,,,0
1G,0,0,0,0,,,,0,0,0,0,0,0,0,0,0,0,0,,,,0
1H,0,0,0,0,,,,0,0,0,0,0,0,0,0,0,0,0,,,,0
2A,0,0,0,0,,,,0,0,0,0,0,0,0,0,0,0,0,,,,0
2B,0,0,0,0,,,,0,0,0,0,0,0,0,0,0,0,0,,,,0
2C,0,0,0,0,,,,0,0,0,0,0,0,0,0,0,0,0,,,,0
2D,0,0,0,0,,,,0,0,0,0,0,0,0,0,0,0,0,,,,0
2E,0,0,0,0,,,,0,0,0,0,0,0,0,0,0,0,0,,,,0
2F,0,0,0,0,,,,0,0,0,0,0,0,0,0,0,0,0,,,,0
2G,0,0,0,0,,,,0,0,0,0,0,0,0,0,0,0,0,,,,0
2H,0,0,0,0,,,,0,0,0,0,0,0,0,0,0,0,0,,,,0
3A,0,0,0,0,,,,0,0,0,0,0,0,0,0,0,0,0,,,,0
3B,0,0,0,0,,,,0,0,0,0,0,0,0,0,0,0,0,,,,0
3C,0,0,0,0,,,,0,0,0,0,0,0,0,0,0,0,0,,,,0
3D,0,0,0,0,,,,0,0,0,0,0,0,0,0,0,0,0,,,,0
3E,0,0,0,0,,,,0,0,0,0,0,0,0,0,0,0,0,,,,0
3F,0,0,0,0,,,,0,0,0,0,0,0,0,0,0,0,0,,,,0
3G,0,0,0,0,,,,0,0,0,0,0,0,0,0,0,0,0,,,,0
3H,0,0,0,0,,,,0,0,0,0,0,0,0,0,0,0,0,,,,0
4A,0,0,0,0,,,,0,0,0,0,0,0,0,0,0,0,0,,,,0
4B,0,0,0,0,,,,0,0,0,0,0,0,0,0,0,0,0,,,,0
4C,0,0,0,0,,,,0,0,0,0,0,0,0,0,0,0,0,,,,0
4D,0,0,0,0,,,,0,0,0,0,0,0,0,0,0,0,0,,,,0
4E,0,0,0,0,,,,0,0,0,0,0,0,0,0,0,0,0,,,,0
4F,0,0,0,0,,,,0,0,0,0,0,0,0,0,0,0,0,,,,0
4G,0,0,0,0,,,,0,0,0,0,0,0,0,0,0,0,0,,,,0
4H,0,0,0,0,,,,0,0,0,0,0,0,0,0,0,0,0,,,,0
//IFPANEL_EX 15
///NAME Panel 15,Panel 15
1A,0,0,0,0,,,,0,0,0,0,0,0,0,0,0,0,0,,,,0
1B,0,0,0,0,,,,0,0,0,0,0,0,0,0,0,0,0,,,,0
1C,0,0,0,0,,,,0,0,0,0,0,0,0,0,0,0,0,,,,0
1D,0,0,0,0,,,,0,0,0,0,0,0,0,0,0,0,0,,,,0
1E,0,0,0,0,,,,0,0,0,0,0,0,0,0,0,0,0,,,,0
1F,0,0,0,0,,,,0,0,0,0,0,0,0,0,0,0,0,,,,0
1G,0,0,0,0,,,,0,0,0,0,0,0,0,0,0,0,0,,,,0
1H,0,0,0,0,,,,0,0,0,0,0,0,0,0,0,0,0,,,,0
2A,0,0,0,0,,,,0,0,0,0,0,0,0,0,0,0,0,,,,0
2B,0,0,0,0,,,,0,0,0,0,0,0,0,0,0,0,0,,,,0
2C,0,0,0,0,,,,0,0,0,0,0,0,0,0,0,0,0,,,,0
2D,0,0,0,0,,,,0,0,0,0,0,0,0,0,0,0,0,,,,0
2E,0,0,0,0,,,,0,0,0,0,0,0,0,0,0,0,0,,,,0
2F,0,0,0,0,,,,0,0,0,0,0,0,0,0,0,0,0,,,,0
2G,0,0,0,0,,,,0,0,0,0,0,0,0,0,0,0,0,,,,0
2H,0,0,0,0,,,,0,0,0,0,0,0,0,0,0,0,0,,,,0
3A,0,0,0,0,,,,0,0,0,0,0,0,0,0,0,0,0,,,,0
3B,0,0,0,0,,,,0,0,0,0,0,0,0,0,0,0,0,,,,0
3C,0,0,0,0,,,,0,0,0,0,0,0,0,0,0,0,0,,,,0
3D,0,0,0,0,,,,0,0,0,0,0,0,0,0,0,0,0,,,,0
3E,0,0,0,0,,,,0,0,0,0,0,0,0,0,0,0,0,,,,0
3F,0,0,0,0,,,,0,0,0,0,0,0,0,0,0,0,0,,,,0
3G,0,0,0,0,,,,0,0,0,0,0,0,0,0,0,0,0,,,,0
3H,0,0,0,0,,,,0,0,0,0,0,0,0,0,0,0,0,,,,0
4A,0,0,0,0,,,,0,0,0,0,0,0,0,0,0,0,0,,,,0
4B,0,0,0,0,,,,0,0,0,0,0,0,0,0,0,0,0,,,,0
4C,0,0,0,0,,,,0,0,0,0,0,0,0,0,0,0,0,,,,0
4D,0,0,0,0,,,,0,0,0,0,0,0,0,0,0,0,0,,,,0
4E,0,0,0,0,,,,0,0,0,0,0,0,0,0,0,0,0,,,,0
4F,0,0,0,0,,,,0,0,0,0,0,0,0,0,0,0,0,,,,0
4G,0,0,0,0,,,,0,0,0,0,0,0,0,0,0,0,0,,,,0
4H,0,0,0,0,,,,0,0,0,0,0,0,0,0,0,0,0,,,,0
